meter, pressure_hpa, bmp280_temp, CO2, O3, Node
593.69, 942.55, 10.33, 701.00, 272.06, -93.0
594.04, 942.51, 10.33, 682.00, 226.55, -93.0
593.17, 942.61, 10.33, 672.00, 291.57, -93.0
592.91, 942.64, 10.33, 684.00, 239.94, -94.5
.
593.43, 942.58, 10.33, 675.00, 255.00, -93.0
593.43, 942.58, 10.33, 693.00, 291.57, -92.5
593.69, 942.55, 10.32, 684.00, 272.06, -95.0
.
593.52, 942.57, 10.32, 684.00, 255.00, -94.5
593.95, 942.52, 10.32, 691.00, 255.00, -95.0
.
.
.
.
594.13, 942.50, 10.33, 684.00, 408.59, -96.0
594.56, 942.45, 10.33, 684.00, 255.00, -93.0
.
.
.
.
594.13, 942.50, 10.33, 675.00, 272.06, -93.5
593.26, 942.60, 10.32, 686.00, 291.57, -92.0
.
593.34, 942.59, 10.32, 682.00, 291.57, -93.5
593.52, 942.57, 10.32, 682.00, 272.06, -94.5
.
594.56, 942.45, 10.31, 682.00, 272.06, -92.5
594.47, 942.46, 10.32, 672.00, 255.00, -92.0
593.78, 942.54, 10.32, 675.00, 226.55, -93.0
593.60, 942.56, 10.31, 684.00, 272.06, -92.0
595.34, 942.36, 10.32, 684.00, 255.00, -91.5
595.34, 942.36, 10.30, 689.00, 272.06, -91.0
594.65, 942.44, 10.30, 682.00, 371.36, -90.5
.
.
.
.
.
594.47, 942.46, 10.30, 684.00, 340.33, -93.5
.
594.73, 942.43, 10.30, 686.00, 255.00, -93.5
594.30, 942.48, 10.29, 686.00, 272.06, -92.0
595.08, 942.39, 10.30, 693.00, 255.00, -91.5
594.91, 942.41, 10.30, 684.00, 291.57, -91.5
594.99, 942.40, 10.29, 684.00, 291.57, -90.5
594.82, 942.42, 10.29, 693.00, 255.00, -89.0
594.99, 942.40, 10.29, 684.00, 255.00, -91.0
594.30, 942.48, 10.30, 684.00, 255.00, -94.0
594.56, 942.45, 10.29, 708.00, 255.00, -93.0
594.47, 942.46, 10.30, 689.00, 291.5
